Starting job - Wed Mar 20 20:37:34 CDT 2024
 Process ID executing the main thread 252493
 OS cpu_count: 80
 multiprocessing cpu_count: 80
 Using SLURM defined NProc = 40
Number of Degrees of freedom: 1000
  (0, 0)	1.0
  (0, 1)	-1.0
  (1, 0)	-1.0
  (1, 1)	2.0
  (1, 2)	-1.0
  (2, 1)	-1.0
  (2, 2)	2.0
  (2, 3)	-1.0
  (3, 2)	-1.0
  (3, 3)	2.0
  (3, 4)	-1.0
  (4, 3)	-1.0
  (4, 4)	2.0
  (4, 5)	-1.0
  (5, 4)	-1.0
  (5, 5)	2.0
  (5, 6)	-1.0
  (6, 5)	-1.0
  (6, 6)	2.0
  (6, 7)	-1.0
  (7, 6)	-1.0
  (7, 7)	2.0
  (7, 8)	-1.0
  (8, 7)	-1.0
  (8, 8)	2.0
  (8, 9)	-1.0
  (9, 8)	-1.0
  (9, 9)	2.0
  (9, 10)	-1.0
  (10, 9)	-1.0
  (10, 10)	2.0
  (10, 11)	-1.0
  (11, 10)	-1.0
  (11, 11)	2.0
  (11, 12)	-1.0
  (12, 11)	-1.0
  (12, 12)	2.0
  (12, 13)	-1.0
  (13, 12)	-1.0
  (13, 13)	2.0
  (13, 14)	-1.0
  (14, 13)	-1.0
  (14, 14)	2.0
  (14, 15)	-1.0
  (15, 14)	-1.0
  (15, 15)	2.0
  (15, 16)	-1.0
  (16, 15)	-1.0
  (16, 16)	2.0
  (16, 17)	-1.0
  (17, 16)	-1.0
  (17, 17)	2.0
  (17, 18)	-1.0
  (18, 17)	-1.0
  (18, 18)	2.0
  (18, 19)	-1.0
  (19, 18)	-1.0
  (19, 19)	2.0
  (19, 20)	-1.0
  (20, 19)	-1.0
  (20, 20)	2.0
  (20, 21)	-1.0
  (21, 20)	-1.0
  (21, 21)	2.0
  (21, 22)	-1.0
  (22, 21)	-1.0
  (22, 22)	2.0
  (22, 23)	-1.0
  (23, 22)	-1.0
  (23, 23)	2.0
  (23, 24)	-1.0
  (24, 23)	-1.0
  (24, 24)	2.0
  (24, 25)	-1.0
  (25, 24)	-1.0
  (25, 25)	2.0
  (25, 26)	-1.0
  (26, 25)	-1.0
  (26, 26)	2.0
  (26, 27)	-1.0
  (27, 26)	-1.0
  (27, 27)	2.0
  (27, 28)	-1.0
  (28, 27)	-1.0
  (28, 28)	2.0
  (28, 29)	-1.0
  (29, 28)	-1.0
  (29, 29)	2.0
  (29, 30)	-1.0
  (30, 29)	-1.0
  (30, 30)	2.0
  (30, 31)	-1.0
  (31, 30)	-1.0
  (31, 31)	2.0
  (31, 32)	-1.0
  (32, 31)	-1.0
  (32, 32)	2.0
  (32, 33)	-1.0
  (33, 32)	-1.0
  (33, 33)	2.0
  (33, 34)	-1.0
  (34, 33)	-1.0
  (34, 34)	2.0
  (34, 35)	-1.0
  (35, 34)	-1.0
  (35, 35)	2.0
  (35, 36)	-1.0
  (36, 35)	-1.0
  (36, 36)	2.0
  (36, 37)	-1.0
  (37, 36)	-1.0
  (37, 37)	2.0
  (37, 38)	-1.0
  (38, 37)	-1.0
  (38, 38)	2.0
  (38, 39)	-1.0
  (39, 38)	-1.0
  (39, 39)	2.0
  (39, 40)	-1.0
  (40, 39)	-1.0
  (40, 40)	2.0
  (40, 41)	-1.0
  (41, 40)	-1.0
  (41, 41)	2.0
  (41, 42)	-1.0
  (42, 41)	-1.0
  (42, 42)	2.0
  (42, 43)	-1.0
  (43, 42)	-1.0
  (43, 43)	2.0
  (43, 44)	-1.0
  (44, 43)	-1.0
  (44, 44)	2.0
  (44, 45)	-1.0
  (45, 44)	-1.0
  (45, 45)	2.0
  (45, 46)	-1.0
  (46, 45)	-1.0
  (46, 46)	2.0
  (46, 47)	-1.0
  (47, 46)	-1.0
  (47, 47)	2.0
  (47, 48)	-1.0
  (48, 47)	-1.0
  (48, 48)	2.0
  (48, 49)	-1.0
  (49, 48)	-1.0
  (49, 49)	2.0
  (49, 50)	-1.0
  (50, 49)	-1.0
  (50, 50)	2.0
  (50, 51)	-1.0
  (51, 50)	-1.0
  (51, 51)	2.0
  (51, 52)	-1.0
  (52, 51)	-1.0
  (52, 52)	2.0
  (52, 53)	-1.0
  (53, 52)	-1.0
  (53, 53)	2.0
  (53, 54)	-1.0
  (54, 53)	-1.0
  (54, 54)	2.0
  (54, 55)	-1.0
  (55, 54)	-1.0
  (55, 55)	2.0
  (55, 56)	-1.0
  (56, 55)	-1.0
  (56, 56)	2.0
  (56, 57)	-1.0
  (57, 56)	-1.0
  (57, 57)	2.0
  (57, 58)	-1.0
  (58, 57)	-1.0
  (58, 58)	2.0
  (58, 59)	-1.0
  (59, 58)	-1.0
  (59, 59)	2.0
  (59, 60)	-1.0
  (60, 59)	-1.0
  (60, 60)	2.0
  (60, 61)	-1.0
  (61, 60)	-1.0
  (61, 61)	2.0
  (61, 62)	-1.0
  (62, 61)	-1.0
  (62, 62)	2.0
  (62, 63)	-1.0
  (63, 62)	-1.0
  (63, 63)	2.0
  (63, 64)	-1.0
  (64, 63)	-1.0
  (64, 64)	2.0
  (64, 65)	-1.0
  (65, 64)	-1.0
  (65, 65)	2.0
  (65, 66)	-1.0
  (66, 65)	-1.0
  (66, 66)	2.0
  (66, 67)	-1.0
  (67, 66)	-1.0
  (67, 67)	2.0
  (67, 68)	-1.0
  (68, 67)	-1.0
  (68, 68)	2.0
  (68, 69)	-1.0
  (69, 68)	-1.0
  (69, 69)	2.0
  (69, 70)	-1.0
  (70, 69)	-1.0
  (70, 70)	2.0
  (70, 71)	-1.0
  (71, 70)	-1.0
  (71, 71)	2.0
  (71, 72)	-1.0
  (72, 71)	-1.0
  (72, 72)	2.0
  (72, 73)	-1.0
  (73, 72)	-1.0
  (73, 73)	2.0
  (73, 74)	-1.0
  (74, 73)	-1.0
  (74, 74)	2.0
  (74, 75)	-1.0
  (75, 74)	-1.0
  (75, 75)	2.0
  (75, 76)	-1.0
  (76, 75)	-1.0
  (76, 76)	2.0
  (76, 77)	-1.0
  (77, 76)	-1.0
  (77, 77)	2.0
  (77, 78)	-1.0
  (78, 77)	-1.0
  (78, 78)	2.0
  (78, 79)	-1.0
  (79, 78)	-1.0
  (79, 79)	2.0
  (79, 80)	-1.0
  (80, 79)	-1.0
  (80, 80)	2.0
  (80, 81)	-1.0
  (81, 80)	-1.0
  (81, 81)	2.0
  (81, 82)	-1.0
  (82, 81)	-1.0
  (82, 82)	2.0
  (82, 83)	-1.0
  (83, 82)	-1.0
  (83, 83)	2.0
  (83, 84)	-1.0
  (84, 83)	-1.0
  (84, 84)	2.0
  (84, 85)	-1.0
  (85, 84)	-1.0
  (85, 85)	2.0
  (85, 86)	-1.0
  (86, 85)	-1.0
  (86, 86)	2.0
  (86, 87)	-1.0
  (87, 86)	-1.0
  (87, 87)	2.0
  (87, 88)	-1.0
  (88, 87)	-1.0
  (88, 88)	2.0
  (88, 89)	-1.0
  (89, 88)	-1.0
  (89, 89)	2.0
  (89, 90)	-1.0
  (90, 89)	-1.0
  (90, 90)	2.0
  (90, 91)	-1.0
  (91, 90)	-1.0
  (91, 91)	2.0
  (91, 92)	-1.0
  (92, 91)	-1.0
  (92, 92)	2.0
  (92, 93)	-1.0
  (93, 92)	-1.0
  (93, 93)	2.0
  (93, 94)	-1.0
  (94, 93)	-1.0
  (94, 94)	2.0
  (94, 95)	-1.0
  (95, 94)	-1.0
  (95, 95)	2.0
  (95, 96)	-1.0
  (96, 95)	-1.0
  (96, 96)	2.0
  (96, 97)	-1.0
  (97, 96)	-1.0
  (97, 97)	2.0
  (97, 98)	-1.0
  (98, 97)	-1.0
  (98, 98)	2.0
  (98, 99)	-1.0
  (99, 98)	-1.0
  (99, 99)	2.0
  (99, 100)	-1.0
  (100, 99)	-1.0
  (100, 100)	2.0
  (100, 101)	-1.0
  (101, 100)	-1.0
  (101, 101)	2.0
  (101, 102)	-1.0
  (102, 101)	-1.0
  (102, 102)	2.0
  (102, 103)	-1.0
  (103, 102)	-1.0
  (103, 103)	2.0
  (103, 104)	-1.0
  (104, 103)	-1.0
  (104, 104)	2.0
  (104, 105)	-1.0
  (105, 104)	-1.0
  (105, 105)	2.0
  (105, 106)	-1.0
  (106, 105)	-1.0
  (106, 106)	2.0
  (106, 107)	-1.0
  (107, 106)	-1.0
  (107, 107)	2.0
  (107, 108)	-1.0
  (108, 107)	-1.0
  (108, 108)	2.0
  (108, 109)	-1.0
  (109, 108)	-1.0
  (109, 109)	2.0
  (109, 110)	-1.0
  (110, 109)	-1.0
  (110, 110)	2.0
  (110, 111)	-1.0
  (111, 110)	-1.0
  (111, 111)	2.0
  (111, 112)	-1.0
  (112, 111)	-1.0
  (112, 112)	2.0
  (112, 113)	-1.0
  (113, 112)	-1.0
  (113, 113)	2.0
  (113, 114)	-1.0
  (114, 113)	-1.0
  (114, 114)	2.0
  (114, 115)	-1.0
  (115, 114)	-1.0
  (115, 115)	2.0
  (115, 116)	-1.0
  (116, 115)	-1.0
  (116, 116)	2.0
  (116, 117)	-1.0
  (117, 116)	-1.0
  (117, 117)	2.0
  (117, 118)	-1.0
  (118, 117)	-1.0
  (118, 118)	2.0
  (118, 119)	-1.0
  (119, 118)	-1.0
  (119, 119)	2.0
  (119, 120)	-1.0
  (120, 119)	-1.0
  (120, 120)	2.0
  (120, 121)	-1.0
  (121, 120)	-1.0
  (121, 121)	2.0
  (121, 122)	-1.0
  (122, 121)	-1.0
  (122, 122)	2.0
  (122, 123)	-1.0
  (123, 122)	-1.0
  (123, 123)	2.0
  (123, 124)	-1.0
  (124, 123)	-1.0
  (124, 124)	2.0
  (124, 125)	-1.0
  (125, 124)	-1.0
  (125, 125)	2.0
  (125, 126)	-1.0
  (126, 125)	-1.0
  (126, 126)	2.0
  (126, 127)	-1.0
  (127, 126)	-1.0
  (127, 127)	2.0
  (127, 128)	-1.0
  (128, 127)	-1.0
  (128, 128)	2.0
  (128, 129)	-1.0
  (129, 128)	-1.0
  (129, 129)	2.0
  (129, 130)	-1.0
  (130, 129)	-1.0
  (130, 130)	2.0
  (130, 131)	-1.0
  (131, 130)	-1.0
  (131, 131)	2.0
  (131, 132)	-1.0
  (132, 131)	-1.0
  (132, 132)	2.0
  (132, 133)	-1.0
  (133, 132)	-1.0
  (133, 133)	2.0
  (133, 134)	-1.0
  (134, 133)	-1.0
  (134, 134)	2.0
  (134, 135)	-1.0
  (135, 134)	-1.0
  (135, 135)	2.0
  (135, 136)	-1.0
  (136, 135)	-1.0
  (136, 136)	2.0
  (136, 137)	-1.0
  (137, 136)	-1.0
  (137, 137)	2.0
  (137, 138)	-1.0
  (138, 137)	-1.0
  (138, 138)	2.0
  (138, 139)	-1.0
  (139, 138)	-1.0
  (139, 139)	2.0
  (139, 140)	-1.0
  (140, 139)	-1.0
  (140, 140)	2.0
  (140, 141)	-1.0
  (141, 140)	-1.0
  (141, 141)	2.0
  (141, 142)	-1.0
  (142, 141)	-1.0
  (142, 142)	2.0
  (142, 143)	-1.0
  (143, 142)	-1.0
  (143, 143)	2.0
  (143, 144)	-1.0
  (144, 143)	-1.0
  (144, 144)	2.0
  (144, 145)	-1.0
  (145, 144)	-1.0
  (145, 145)	2.0
  (145, 146)	-1.0
  (146, 145)	-1.0
  (146, 146)	2.0
  (146, 147)	-1.0
  (147, 146)	-1.0
  (147, 147)	2.0
  (147, 148)	-1.0
  (148, 147)	-1.0
  (148, 148)	2.0
  (148, 149)	-1.0
  (149, 148)	-1.0
  (149, 149)	2.0
  (149, 150)	-1.0
  (150, 149)	-1.0
  (150, 150)	2.0
  (150, 151)	-1.0
  (151, 150)	-1.0
  (151, 151)	2.0
  (151, 152)	-1.0
  (152, 151)	-1.0
  (152, 152)	2.0
  (152, 153)	-1.0
  (153, 152)	-1.0
  (153, 153)	2.0
  (153, 154)	-1.0
  (154, 153)	-1.0
  (154, 154)	2.0
  (154, 155)	-1.0
  (155, 154)	-1.0
  (155, 155)	2.0
  (155, 156)	-1.0
  (156, 155)	-1.0
  (156, 156)	2.0
  (156, 157)	-1.0
  (157, 156)	-1.0
  (157, 157)	2.0
  (157, 158)	-1.0
  (158, 157)	-1.0
  (158, 158)	2.0
  (158, 159)	-1.0
  (159, 158)	-1.0
  (159, 159)	2.0
  (159, 160)	-1.0
  (160, 159)	-1.0
  (160, 160)	2.0
  (160, 161)	-1.0
  (161, 160)	-1.0
  (161, 161)	2.0
  (161, 162)	-1.0
  (162, 161)	-1.0
  (162, 162)	2.0
  (162, 163)	-1.0
  (163, 162)	-1.0
  (163, 163)	2.0
  (163, 164)	-1.0
  (164, 163)	-1.0
  (164, 164)	2.0
  (164, 165)	-1.0
  (165, 164)	-1.0
  (165, 165)	2.0
  (165, 166)	-1.0
  (166, 165)	-1.0
  (166, 166)	2.0
  (166, 167)	-1.0
  (167, 166)	-1.0
  (167, 167)	2.0
  (167, 168)	-1.0
  (168, 167)	-1.0
  (168, 168)	2.0
  (168, 169)	-1.0
  (169, 168)	-1.0
  (169, 169)	2.0
  (169, 170)	-1.0
  (170, 169)	-1.0
  (170, 170)	2.0
  (170, 171)	-1.0
  (171, 170)	-1.0
  (171, 171)	2.0
  (171, 172)	-1.0
  (172, 171)	-1.0
  (172, 172)	2.0
  (172, 173)	-1.0
  (173, 172)	-1.0
  (173, 173)	2.0
  (173, 174)	-1.0
  (174, 173)	-1.0
  (174, 174)	2.0
  (174, 175)	-1.0
  (175, 174)	-1.0
  (175, 175)	2.0
  (175, 176)	-1.0
  (176, 175)	-1.0
  (176, 176)	2.0
  (176, 177)	-1.0
  (177, 176)	-1.0
  (177, 177)	2.0
  (177, 178)	-1.0
  (178, 177)	-1.0
  (178, 178)	2.0
  (178, 179)	-1.0
  (179, 178)	-1.0
  (179, 179)	2.0
  (179, 180)	-1.0
  (180, 179)	-1.0
  (180, 180)	2.0
  (180, 181)	-1.0
  (181, 180)	-1.0
  (181, 181)	2.0
  (181, 182)	-1.0
  (182, 181)	-1.0
  (182, 182)	2.0
  (182, 183)	-1.0
  (183, 182)	-1.0
  (183, 183)	2.0
  (183, 184)	-1.0
  (184, 183)	-1.0
  (184, 184)	2.0
  (184, 185)	-1.0
  (185, 184)	-1.0
  (185, 185)	2.0
  (185, 186)	-1.0
  (186, 185)	-1.0
  (186, 186)	2.0
  (186, 187)	-1.0
  (187, 186)	-1.0
  (187, 187)	2.0
  (187, 188)	-1.0
  (188, 187)	-1.0
  (188, 188)	2.0
  (188, 189)	-1.0
  (189, 188)	-1.0
  (189, 189)	2.0
  (189, 190)	-1.0
  (190, 189)	-1.0
  (190, 190)	2.0
  (190, 191)	-1.0
  (191, 190)	-1.0
  (191, 191)	2.0
  (191, 192)	-1.0
  (192, 191)	-1.0
  (192, 192)	2.0
  (192, 193)	-1.0
  (193, 192)	-1.0
  (193, 193)	2.0
  (193, 194)	-1.0
  (194, 193)	-1.0
  (194, 194)	2.0
  (194, 195)	-1.0
  (195, 194)	-1.0
  (195, 195)	2.0
  (195, 196)	-1.0
  (196, 195)	-1.0
  (196, 196)	2.0
  (196, 197)	-1.0
  (197, 196)	-1.0
  (197, 197)	2.0
  (197, 198)	-1.0
  (198, 197)	-1.0
  (198, 198)	2.0
  (198, 199)	-1.0
  (199, 198)	-1.0
  (199, 199)	2.0
  (199, 200)	-1.0
  (200, 199)	-1.0
  (200, 200)	2.0
  (200, 201)	-1.0
  (201, 200)	-1.0
  (201, 201)	2.0
  (201, 202)	-1.0
  (202, 201)	-1.0
  (202, 202)	2.0
  (202, 203)	-1.0
  (203, 202)	-1.0
  (203, 203)	2.0
  (203, 204)	-1.0
  (204, 203)	-1.0
  (204, 204)	2.0
  (204, 205)	-1.0
  (205, 204)	-1.0
  (205, 205)	2.0
  (205, 206)	-1.0
  (206, 205)	-1.0
  (206, 206)	2.0
  (206, 207)	-1.0
  (207, 206)	-1.0
  (207, 207)	2.0
  (207, 208)	-1.0
  (208, 207)	-1.0
  (208, 208)	2.0
  (208, 209)	-1.0
  (209, 208)	-1.0
  (209, 209)	2.0
  (209, 210)	-1.0
  (210, 209)	-1.0
  (210, 210)	2.0
  (210, 211)	-1.0
  (211, 210)	-1.0
  (211, 211)	2.0
  (211, 212)	-1.0
  (212, 211)	-1.0
  (212, 212)	2.0
  (212, 213)	-1.0
  (213, 212)	-1.0
  (213, 213)	2.0
  (213, 214)	-1.0
  (214, 213)	-1.0
  (214, 214)	2.0
  (214, 215)	-1.0
  (215, 214)	-1.0
  (215, 215)	2.0
  (215, 216)	-1.0
  (216, 215)	-1.0
  (216, 216)	2.0
  (216, 217)	-1.0
  (217, 216)	-1.0
  (217, 217)	2.0
  (217, 218)	-1.0
  (218, 217)	-1.0
  (218, 218)	2.0
  (218, 219)	-1.0
  (219, 218)	-1.0
  (219, 219)	2.0
  (219, 220)	-1.0
  (220, 219)	-1.0
  (220, 220)	2.0
  (220, 221)	-1.0
  (221, 220)	-1.0
  (221, 221)	2.0
  (221, 222)	-1.0
  (222, 221)	-1.0
  (222, 222)	2.0
  (222, 223)	-1.0
  (223, 222)	-1.0
  (223, 223)	2.0
  (223, 224)	-1.0
  (224, 223)	-1.0
  (224, 224)	2.0
  (224, 225)	-1.0
  (225, 224)	-1.0
  (225, 225)	2.0
  (225, 226)	-1.0
  (226, 225)	-1.0
  (226, 226)	2.0
  (226, 227)	-1.0
  (227, 226)	-1.0
  (227, 227)	2.0
  (227, 228)	-1.0
  (228, 227)	-1.0
  (228, 228)	2.0
  (228, 229)	-1.0
  (229, 228)	-1.0
  (229, 229)	2.0
  (229, 230)	-1.0
  (230, 229)	-1.0
  (230, 230)	2.0
  (230, 231)	-1.0
  (231, 230)	-1.0
  (231, 231)	2.0
  (231, 232)	-1.0
  (232, 231)	-1.0
  (232, 232)	2.0
  (232, 233)	-1.0
  (233, 232)	-1.0
  (233, 233)	2.0
  (233, 234)	-1.0
  (234, 233)	-1.0
  (234, 234)	2.0
  (234, 235)	-1.0
  (235, 234)	-1.0
  (235, 235)	2.0
  (235, 236)	-1.0
  (236, 235)	-1.0
  (236, 236)	2.0
  (236, 237)	-1.0
  (237, 236)	-1.0
  (237, 237)	2.0
  (237, 238)	-1.0
  (238, 237)	-1.0
  (238, 238)	2.0
  (238, 239)	-1.0
  (239, 238)	-1.0
  (239, 239)	2.0
  (239, 240)	-1.0
  (240, 239)	-1.0
  (240, 240)	2.0
  (240, 241)	-1.0
  (241, 240)	-1.0
  (241, 241)	2.0
  (241, 242)	-1.0
  (242, 241)	-1.0
  (242, 242)	2.0
  (242, 243)	-1.0
  (243, 242)	-1.0
  (243, 243)	2.0
  (243, 244)	-1.0
  (244, 243)	-1.0
  (244, 244)	2.0
  (244, 245)	-1.0
  (245, 244)	-1.0
  (245, 245)	2.0
  (245, 246)	-1.0
  (246, 245)	-1.0
  (246, 246)	2.0
  (246, 247)	-1.0
  (247, 246)	-1.0
  (247, 247)	2.0
  (247, 248)	-1.0
  (248, 247)	-1.0
  (248, 248)	2.0
  (248, 249)	-1.0
  (249, 248)	-1.0
  (249, 249)	2.0
  (249, 250)	-1.0
  (250, 249)	-1.0
  (250, 250)	2.0
  (250, 251)	-1.0
  (251, 250)	-1.0
  (251, 251)	2.0
  (251, 252)	-1.0
  (252, 251)	-1.0
  (252, 252)	2.0
  (252, 253)	-1.0
  (253, 252)	-1.0
  (253, 253)	2.0
  (253, 254)	-1.0
  (254, 253)	-1.0
  (254, 254)	2.0
  (254, 255)	-1.0
  (255, 254)	-1.0
  (255, 255)	2.0
  (255, 256)	-1.0
  (256, 255)	-1.0
  (256, 256)	2.0
  (256, 257)	-1.0
  (257, 256)	-1.0
  (257, 257)	2.0
  (257, 258)	-1.0
  (258, 257)	-1.0
  (258, 258)	2.0
  (258, 259)	-1.0
  (259, 258)	-1.0
  (259, 259)	2.0
  (259, 260)	-1.0
  (260, 259)	-1.0
  (260, 260)	2.0
  (260, 261)	-1.0
  (261, 260)	-1.0
  (261, 261)	2.0
  (261, 262)	-1.0
  (262, 261)	-1.0
  (262, 262)	2.0
  (262, 263)	-1.0
  (263, 262)	-1.0
  (263, 263)	2.0
  (263, 264)	-1.0
  (264, 263)	-1.0
  (264, 264)	2.0
  (264, 265)	-1.0
  (265, 264)	-1.0
  (265, 265)	2.0
  (265, 266)	-1.0
  (266, 265)	-1.0
  (266, 266)	2.0
  (266, 267)	-1.0
  (267, 266)	-1.0
  (267, 267)	2.0
  (267, 268)	-1.0
  (268, 267)	-1.0
  (268, 268)	2.0
  (268, 269)	-1.0
  (269, 268)	-1.0
  (269, 269)	2.0
  (269, 270)	-1.0
  (270, 269)	-1.0
  (270, 270)	2.0
  (270, 271)	-1.0
  (271, 270)	-1.0
  (271, 271)	2.0
  (271, 272)	-1.0
  (272, 271)	-1.0
  (272, 272)	2.0
  (272, 273)	-1.0
  (273, 272)	-1.0
  (273, 273)	2.0
  (273, 274)	-1.0
  (274, 273)	-1.0
  (274, 274)	2.0
  (274, 275)	-1.0
  (275, 274)	-1.0
  (275, 275)	2.0
  (275, 276)	-1.0
  (276, 275)	-1.0
  (276, 276)	2.0
  (276, 277)	-1.0
  (277, 276)	-1.0
  (277, 277)	2.0
  (277, 278)	-1.0
  (278, 277)	-1.0
  (278, 278)	2.0
  (278, 279)	-1.0
  (279, 278)	-1.0
  (279, 279)	2.0
  (279, 280)	-1.0
  (280, 279)	-1.0
  (280, 280)	2.0
  (280, 281)	-1.0
  (281, 280)	-1.0
  (281, 281)	2.0
  (281, 282)	-1.0
  (282, 281)	-1.0
  (282, 282)	2.0
  (282, 283)	-1.0
  (283, 282)	-1.0
  (283, 283)	2.0
  (283, 284)	-1.0
  (284, 283)	-1.0
  (284, 284)	2.0
  (284, 285)	-1.0
  (285, 284)	-1.0
  (285, 285)	2.0
  (285, 286)	-1.0
  (286, 285)	-1.0
  (286, 286)	2.0
  (286, 287)	-1.0
  (287, 286)	-1.0
  (287, 287)	2.0
  (287, 288)	-1.0
  (288, 287)	-1.0
  (288, 288)	2.0
  (288, 289)	-1.0
  (289, 288)	-1.0
  (289, 289)	2.0
  (289, 290)	-1.0
  (290, 289)	-1.0
  (290, 290)	2.0
  (290, 291)	-1.0
  (291, 290)	-1.0
  (291, 291)	2.0
  (291, 292)	-1.0
  (292, 291)	-1.0
  (292, 292)	2.0
  (292, 293)	-1.0
  (293, 292)	-1.0
  (293, 293)	2.0
  (293, 294)	-1.0
  (294, 293)	-1.0
  (294, 294)	2.0
  (294, 295)	-1.0
  (295, 294)	-1.0
  (295, 295)	2.0
  (295, 296)	-1.0
  (296, 295)	-1.0
  (296, 296)	2.0
  (296, 297)	-1.0
  (297, 296)	-1.0
  (297, 297)	2.0
  (297, 298)	-1.0
  (298, 297)	-1.0
  (298, 298)	2.0
  (298, 299)	-1.0
  (299, 298)	-1.0
  (299, 299)	2.0
  (299, 300)	-1.0
  (300, 299)	-1.0
  (300, 300)	2.0
  (300, 301)	-1.0
  (301, 300)	-1.0
  (301, 301)	2.0
  (301, 302)	-1.0
  (302, 301)	-1.0
  (302, 302)	2.0
  (302, 303)	-1.0
  (303, 302)	-1.0
  (303, 303)	2.0
  (303, 304)	-1.0
  (304, 303)	-1.0
  (304, 304)	2.0
  (304, 305)	-1.0
  (305, 304)	-1.0
  (305, 305)	2.0
  (305, 306)	-1.0
  (306, 305)	-1.0
  (306, 306)	2.0
  (306, 307)	-1.0
  (307, 306)	-1.0
  (307, 307)	2.0
  (307, 308)	-1.0
  (308, 307)	-1.0
  (308, 308)	2.0
  (308, 309)	-1.0
  (309, 308)	-1.0
  (309, 309)	2.0
  (309, 310)	-1.0
  (310, 309)	-1.0
  (310, 310)	2.0
  (310, 311)	-1.0
  (311, 310)	-1.0
  (311, 311)	2.0
  (311, 312)	-1.0
  (312, 311)	-1.0
  (312, 312)	2.0
  (312, 313)	-1.0
  (313, 312)	-1.0
  (313, 313)	2.0
  (313, 314)	-1.0
  (314, 313)	-1.0
  (314, 314)	2.0
  (314, 315)	-1.0
  (315, 314)	-1.0
  (315, 315)	2.0
  (315, 316)	-1.0
  (316, 315)	-1.0
  (316, 316)	2.0
  (316, 317)	-1.0
  (317, 316)	-1.0
  (317, 317)	2.0
  (317, 318)	-1.0
  (318, 317)	-1.0
  (318, 318)	2.0
  (318, 319)	-1.0
  (319, 318)	-1.0
  (319, 319)	2.0
  (319, 320)	-1.0
  (320, 319)	-1.0
  (320, 320)	2.0
  (320, 321)	-1.0
  (321, 320)	-1.0
  (321, 321)	2.0
  (321, 322)	-1.0
  (322, 321)	-1.0
  (322, 322)	2.0
  (322, 323)	-1.0
  (323, 322)	-1.0
  (323, 323)	2.0
  (323, 324)	-1.0
  (324, 323)	-1.0
  (324, 324)	2.0
  (324, 325)	-1.0
  (325, 324)	-1.0
  (325, 325)	2.0
  (325, 326)	-1.0
  (326, 325)	-1.0
  (326, 326)	2.0
  (326, 327)	-1.0
  (327, 326)	-1.0
  (327, 327)	2.0
  (327, 328)	-1.0
  (328, 327)	-1.0
  (328, 328)	2.0
  (328, 329)	-1.0
  (329, 328)	-1.0
  (329, 329)	2.0
  (329, 330)	-1.0
  (330, 329)	-1.0
  (330, 330)	2.0
  (330, 331)	-1.0
  (331, 330)	-1.0
  (331, 331)	2.0
  (331, 332)	-1.0
  (332, 331)	-1.0
  (332, 332)	2.0
  (332, 333)	-1.0
  (333, 332)	-1.0
  (333, 333)	2.0
  (333, 334)	-1.0
  (334, 333)	-1.0
  (334, 334)	2.0
  (334, 335)	-1.0
  (335, 334)	-1.0
  (335, 335)	2.0
  (335, 336)	-1.0
  (336, 335)	-1.0
  (336, 336)	2.0
  (336, 337)	-1.0
  (337, 336)	-1.0
  (337, 337)	2.0
  (337, 338)	-1.0
  (338, 337)	-1.0
  (338, 338)	2.0
  (338, 339)	-1.0
  (339, 338)	-1.0
  (339, 339)	2.0
  (339, 340)	-1.0
  (340, 339)	-1.0
  (340, 340)	2.0
  (340, 341)	-1.0
  (341, 340)	-1.0
  (341, 341)	2.0
  (341, 342)	-1.0
  (342, 341)	-1.0
  (342, 342)	2.0
  (342, 343)	-1.0
  (343, 342)	-1.0
  (343, 343)	2.0
  (343, 344)	-1.0
  (344, 343)	-1.0
  (344, 344)	2.0
  (344, 345)	-1.0
  (345, 344)	-1.0
  (345, 345)	2.0
  (345, 346)	-1.0
  (346, 345)	-1.0
  (346, 346)	2.0
  (346, 347)	-1.0
  (347, 346)	-1.0
  (347, 347)	2.0
  (347, 348)	-1.0
  (348, 347)	-1.0
  (348, 348)	2.0
  (348, 349)	-1.0
  (349, 348)	-1.0
  (349, 349)	2.0
  (349, 350)	-1.0
  (350, 349)	-1.0
  (350, 350)	2.0
  (350, 351)	-1.0
  (351, 350)	-1.0
  (351, 351)	2.0
  (351, 352)	-1.0
  (352, 351)	-1.0
  (352, 352)	2.0
  (352, 353)	-1.0
  (353, 352)	-1.0
  (353, 353)	2.0
  (353, 354)	-1.0
  (354, 353)	-1.0
  (354, 354)	2.0
  (354, 355)	-1.0
  (355, 354)	-1.0
  (355, 355)	2.0
  (355, 356)	-1.0
  (356, 355)	-1.0
  (356, 356)	2.0
  (356, 357)	-1.0
  (357, 356)	-1.0
  (357, 357)	2.0
  (357, 358)	-1.0
  (358, 357)	-1.0
  (358, 358)	2.0
  (358, 359)	-1.0
  (359, 358)	-1.0
  (359, 359)	2.0
  (359, 360)	-1.0
  (360, 359)	-1.0
  (360, 360)	2.0
  (360, 361)	-1.0
  (361, 360)	-1.0
  (361, 361)	2.0
  (361, 362)	-1.0
  (362, 361)	-1.0
  (362, 362)	2.0
  (362, 363)	-1.0
  (363, 362)	-1.0
  (363, 363)	2.0
  (363, 364)	-1.0
  (364, 363)	-1.0
  (364, 364)	2.0
  (364, 365)	-1.0
  (365, 364)	-1.0
  (365, 365)	2.0
  (365, 366)	-1.0
  (366, 365)	-1.0
  (366, 366)	2.0
  (366, 367)	-1.0
  (367, 366)	-1.0
  (367, 367)	2.0
  (367, 368)	-1.0
  (368, 367)	-1.0
  (368, 368)	2.0
  (368, 369)	-1.0
  (369, 368)	-1.0
  (369, 369)	2.0
  (369, 370)	-1.0
  (370, 369)	-1.0
  (370, 370)	2.0
  (370, 371)	-1.0
  (371, 370)	-1.0
  (371, 371)	2.0
  (371, 372)	-1.0
  (372, 371)	-1.0
  (372, 372)	2.0
  (372, 373)	-1.0
  (373, 372)	-1.0
  (373, 373)	2.0
  (373, 374)	-1.0
  (374, 373)	-1.0
  (374, 374)	2.0
  (374, 375)	-1.0
  (375, 374)	-1.0
  (375, 375)	2.0
  (375, 376)	-1.0
  (376, 375)	-1.0
  (376, 376)	2.0
  (376, 377)	-1.0
  (377, 376)	-1.0
  (377, 377)	2.0
  (377, 378)	-1.0
  (378, 377)	-1.0
  (378, 378)	2.0
  (378, 379)	-1.0
  (379, 378)	-1.0
  (379, 379)	2.0
  (379, 380)	-1.0
  (380, 379)	-1.0
  (380, 380)	2.0
  (380, 381)	-1.0
  (381, 380)	-1.0
  (381, 381)	2.0
  (381, 382)	-1.0
  (382, 381)	-1.0
  (382, 382)	2.0
  (382, 383)	-1.0
  (383, 382)	-1.0
  (383, 383)	2.0
  (383, 384)	-1.0
  (384, 383)	-1.0
  (384, 384)	2.0
  (384, 385)	-1.0
  (385, 384)	-1.0
  (385, 385)	2.0
  (385, 386)	-1.0
  (386, 385)	-1.0
  (386, 386)	2.0
  (386, 387)	-1.0
  (387, 386)	-1.0
  (387, 387)	2.0
  (387, 388)	-1.0
  (388, 387)	-1.0
  (388, 388)	2.0
  (388, 389)	-1.0
  (389, 388)	-1.0
  (389, 389)	2.0
  (389, 390)	-1.0
  (390, 389)	-1.0
  (390, 390)	2.0
  (390, 391)	-1.0
  (391, 390)	-1.0
  (391, 391)	2.0
  (391, 392)	-1.0
  (392, 391)	-1.0
  (392, 392)	2.0
  (392, 393)	-1.0
  (393, 392)	-1.0
  (393, 393)	2.0
  (393, 394)	-1.0
  (394, 393)	-1.0
  (394, 394)	2.0
  (394, 395)	-1.0
  (395, 394)	-1.0
  (395, 395)	2.0
  (395, 396)	-1.0
  (396, 395)	-1.0
  (396, 396)	2.0
  (396, 397)	-1.0
  (397, 396)	-1.0
  (397, 397)	2.0
  (397, 398)	-1.0
  (398, 397)	-1.0
  (398, 398)	2.0
  (398, 399)	-1.0
  (399, 398)	-1.0
  (399, 399)	2.0
  (399, 400)	-1.0
  (400, 399)	-1.0
  (400, 400)	2.0
  (400, 401)	-1.0
  (401, 400)	-1.0
  (401, 401)	2.0
  (401, 402)	-1.0
  (402, 401)	-1.0
  (402, 402)	2.0
  (402, 403)	-1.0
  (403, 402)	-1.0
  (403, 403)	2.0
  (403, 404)	-1.0
  (404, 403)	-1.0
  (404, 404)	2.0
  (404, 405)	-1.0
  (405, 404)	-1.0
  (405, 405)	2.0
  (405, 406)	-1.0
  (406, 405)	-1.0
  (406, 406)	2.0
  (406, 407)	-1.0
  (407, 406)	-1.0
  (407, 407)	2.0
  (407, 408)	-1.0
  (408, 407)	-1.0
  (408, 408)	2.0
  (408, 409)	-1.0
  (409, 408)	-1.0
  (409, 409)	2.0
  (409, 410)	-1.0
  (410, 409)	-1.0
  (410, 410)	2.0
  (410, 411)	-1.0
  (411, 410)	-1.0
  (411, 411)	2.0
  (411, 412)	-1.0
  (412, 411)	-1.0
  (412, 412)	2.0
  (412, 413)	-1.0
  (413, 412)	-1.0
  (413, 413)	2.0
  (413, 414)	-1.0
  (414, 413)	-1.0
  (414, 414)	2.0
  (414, 415)	-1.0
  (415, 414)	-1.0
  (415, 415)	2.0
  (415, 416)	-1.0
  (416, 415)	-1.0
  (416, 416)	2.0
  (416, 417)	-1.0
  (417, 416)	-1.0
  (417, 417)	2.0
  (417, 418)	-1.0
  (418, 417)	-1.0
  (418, 418)	2.0
  (418, 419)	-1.0
  (419, 418)	-1.0
  (419, 419)	2.0
  (419, 420)	-1.0
  (420, 419)	-1.0
  (420, 420)	2.0
  (420, 421)	-1.0
  (421, 420)	-1.0
  (421, 421)	2.0
  (421, 422)	-1.0
  (422, 421)	-1.0
  (422, 422)	2.0
  (422, 423)	-1.0
  (423, 422)	-1.0
  (423, 423)	2.0
  (423, 424)	-1.0
  (424, 423)	-1.0
  (424, 424)	2.0
  (424, 425)	-1.0
  (425, 424)	-1.0
  (425, 425)	2.0
  (425, 426)	-1.0
  (426, 425)	-1.0
  (426, 426)	2.0
  (426, 427)	-1.0
  (427, 426)	-1.0
  (427, 427)	2.0
  (427, 428)	-1.0
  (428, 427)	-1.0
  (428, 428)	2.0
  (428, 429)	-1.0
  (429, 428)	-1.0
  (429, 429)	2.0
  (429, 430)	-1.0
  (430, 429)	-1.0
  (430, 430)	2.0
  (430, 431)	-1.0
  (431, 430)	-1.0
  (431, 431)	2.0
  (431, 432)	-1.0
  (432, 431)	-1.0
  (432, 432)	2.0
  (432, 433)	-1.0
  (433, 432)	-1.0
  (433, 433)	2.0
  (433, 434)	-1.0
  (434, 433)	-1.0
  (434, 434)	2.0
  (434, 435)	-1.0
  (435, 434)	-1.0
  (435, 435)	2.0
  (435, 436)	-1.0
  (436, 435)	-1.0
  (436, 436)	2.0
  (436, 437)	-1.0
  (437, 436)	-1.0
  (437, 437)	2.0
  (437, 438)	-1.0
  (438, 437)	-1.0
  (438, 438)	2.0
  (438, 439)	-1.0
  (439, 438)	-1.0
  (439, 439)	2.0
  (439, 440)	-1.0
  (440, 439)	-1.0
  (440, 440)	2.0
  (440, 441)	-1.0
  (441, 440)	-1.0
  (441, 441)	2.0
  (441, 442)	-1.0
  (442, 441)	-1.0
  (442, 442)	2.0
  (442, 443)	-1.0
  (443, 442)	-1.0
  (443, 443)	2.0
  (443, 444)	-1.0
  (444, 443)	-1.0
  (444, 444)	2.0
  (444, 445)	-1.0
  (445, 444)	-1.0
  (445, 445)	2.0
  (445, 446)	-1.0
  (446, 445)	-1.0
  (446, 446)	2.0
  (446, 447)	-1.0
  (447, 446)	-1.0
  (447, 447)	2.0
  (447, 448)	-1.0
  (448, 447)	-1.0
  (448, 448)	2.0
  (448, 449)	-1.0
  (449, 448)	-1.0
  (449, 449)	2.0
  (449, 450)	-1.0
  (450, 449)	-1.0
  (450, 450)	2.0
  (450, 451)	-1.0
  (451, 450)	-1.0
  (451, 451)	2.0
  (451, 452)	-1.0
  (452, 451)	-1.0
  (452, 452)	2.0
  (452, 453)	-1.0
  (453, 452)	-1.0
  (453, 453)	2.0
  (453, 454)	-1.0
  (454, 453)	-1.0
  (454, 454)	2.0
  (454, 455)	-1.0
  (455, 454)	-1.0
  (455, 455)	2.0
  (455, 456)	-1.0
  (456, 455)	-1.0
  (456, 456)	2.0
  (456, 457)	-1.0
  (457, 456)	-1.0
  (457, 457)	2.0
  (457, 458)	-1.0
  (458, 457)	-1.0
  (458, 458)	2.0
  (458, 459)	-1.0
  (459, 458)	-1.0
  (459, 459)	2.0
  (459, 460)	-1.0
  (460, 459)	-1.0
  (460, 460)	2.0
  (460, 461)	-1.0
  (461, 460)	-1.0
  (461, 461)	2.0
  (461, 462)	-1.0
  (462, 461)	-1.0
  (462, 462)	2.0
  (462, 463)	-1.0
  (463, 462)	-1.0
  (463, 463)	2.0
  (463, 464)	-1.0
  (464, 463)	-1.0
  (464, 464)	2.0
  (464, 465)	-1.0
  (465, 464)	-1.0
  (465, 465)	2.0
  (465, 466)	-1.0
  (466, 465)	-1.0
  (466, 466)	2.0
  (466, 467)	-1.0
  (467, 466)	-1.0
  (467, 467)	2.0
  (467, 468)	-1.0
  (468, 467)	-1.0
  (468, 468)	2.0
  (468, 469)	-1.0
  (469, 468)	-1.0
  (469, 469)	2.0
  (469, 470)	-1.0
  (470, 469)	-1.0
  (470, 470)	2.0
  (470, 471)	-1.0
  (471, 470)	-1.0
  (471, 471)	2.0
  (471, 472)	-1.0
  (472, 471)	-1.0
  (472, 472)	2.0
  (472, 473)	-1.0
  (473, 472)	-1.0
  (473, 473)	2.0
  (473, 474)	-1.0
  (474, 473)	-1.0
  (474, 474)	2.0
  (474, 475)	-1.0
  (475, 474)	-1.0
  (475, 475)	2.0
  (475, 476)	-1.0
  (476, 475)	-1.0
  (476, 476)	2.0
  (476, 477)	-1.0
  (477, 476)	-1.0
  (477, 477)	2.0
  (477, 478)	-1.0
  (478, 477)	-1.0
  (478, 478)	2.0
  (478, 479)	-1.0
  (479, 478)	-1.0
  (479, 479)	2.0
  (479, 480)	-1.0
  (480, 479)	-1.0
  (480, 480)	2.0
  (480, 481)	-1.0
  (481, 480)	-1.0
  (481, 481)	2.0
  (481, 482)	-1.0
  (482, 481)	-1.0
  (482, 482)	2.0
  (482, 483)	-1.0
  (483, 482)	-1.0
  (483, 483)	2.0
  (483, 484)	-1.0
  (484, 483)	-1.0
  (484, 484)	2.0
  (484, 485)	-1.0
  (485, 484)	-1.0
  (485, 485)	2.0
  (485, 486)	-1.0
  (486, 485)	-1.0
  (486, 486)	2.0
  (486, 487)	-1.0
  (487, 486)	-1.0
  (487, 487)	2.0
  (487, 488)	-1.0
  (488, 487)	-1.0
  (488, 488)	2.0
  (488, 489)	-1.0
  (489, 488)	-1.0
  (489, 489)	2.0
  (489, 490)	-1.0
  (490, 489)	-1.0
  (490, 490)	2.0
  (490, 491)	-1.0
  (491, 490)	-1.0
  (491, 491)	2.0
  (491, 492)	-1.0
  (492, 491)	-1.0
  (492, 492)	2.0
  (492, 493)	-1.0
  (493, 492)	-1.0
  (493, 493)	2.0
  (493, 494)	-1.0
  (494, 493)	-1.0
  (494, 494)	2.0
  (494, 495)	-1.0
  (495, 494)	-1.0
  (495, 495)	2.0
  (495, 496)	-1.0
  (496, 495)	-1.0
  (496, 496)	2.0
  (496, 497)	-1.0
  (497, 496)	-1.0
  (497, 497)	2.0
  (497, 498)	-1.0
  (498, 497)	-1.0
  (498, 498)	2.0
  (498, 499)	-1.0
  (499, 498)	-1.0
  (499, 499)	2.0
  (499, 500)	-1.0
  (500, 499)	-1.0
  (500, 500)	2.0
  (500, 501)	-1.0
  (501, 500)	-1.0
  (501, 501)	2.0
  (501, 502)	-1.0
  (502, 501)	-1.0
  (502, 502)	2.0
  (502, 503)	-1.0
  (503, 502)	-1.0
  (503, 503)	2.0
  (503, 504)	-1.0
  (504, 503)	-1.0
  (504, 504)	2.0
  (504, 505)	-1.0
  (505, 504)	-1.0
  (505, 505)	2.0
  (505, 506)	-1.0
  (506, 505)	-1.0
  (506, 506)	2.0
  (506, 507)	-1.0
  (507, 506)	-1.0
  (507, 507)	2.0
  (507, 508)	-1.0
  (508, 507)	-1.0
  (508, 508)	2.0
  (508, 509)	-1.0
  (509, 508)	-1.0
  (509, 509)	2.0
  (509, 510)	-1.0
  (510, 509)	-1.0
  (510, 510)	2.0
  (510, 511)	-1.0
  (511, 510)	-1.0
  (511, 511)	2.0
  (511, 512)	-1.0
  (512, 511)	-1.0
  (512, 512)	2.0
  (512, 513)	-1.0
  (513, 512)	-1.0
  (513, 513)	2.0
  (513, 514)	-1.0
  (514, 513)	-1.0
  (514, 514)	2.0
  (514, 515)	-1.0
  (515, 514)	-1.0
  (515, 515)	2.0
  (515, 516)	-1.0
  (516, 515)	-1.0
  (516, 516)	2.0
  (516, 517)	-1.0
  (517, 516)	-1.0
  (517, 517)	2.0
  (517, 518)	-1.0
  (518, 517)	-1.0
  (518, 518)	2.0
  (518, 519)	-1.0
  (519, 518)	-1.0
  (519, 519)	2.0
  (519, 520)	-1.0
  (520, 519)	-1.0
  (520, 520)	2.0
  (520, 521)	-1.0
  (521, 520)	-1.0
  (521, 521)	2.0
  (521, 522)	-1.0
  (522, 521)	-1.0
  (522, 522)	2.0
  (522, 523)	-1.0
  (523, 522)	-1.0
  (523, 523)	2.0
  (523, 524)	-1.0
  (524, 523)	-1.0
  (524, 524)	2.0
  (524, 525)	-1.0
  (525, 524)	-1.0
  (525, 525)	2.0
  (525, 526)	-1.0
  (526, 525)	-1.0
  (526, 526)	2.0
  (526, 527)	-1.0
  (527, 526)	-1.0
  (527, 527)	2.0
  (527, 528)	-1.0
  (528, 527)	-1.0
  (528, 528)	2.0
  (528, 529)	-1.0
  (529, 528)	-1.0
  (529, 529)	2.0
  (529, 530)	-1.0
  (530, 529)	-1.0
  (530, 530)	2.0
  (530, 531)	-1.0
  (531, 530)	-1.0
  (531, 531)	2.0
  (531, 532)	-1.0
  (532, 531)	-1.0
  (532, 532)	2.0
  (532, 533)	-1.0
  (533, 532)	-1.0
  (533, 533)	2.0
  (533, 534)	-1.0
  (534, 533)	-1.0
  (534, 534)	2.0
  (534, 535)	-1.0
  (535, 534)	-1.0
  (535, 535)	2.0
  (535, 536)	-1.0
  (536, 535)	-1.0
  (536, 536)	2.0
  (536, 537)	-1.0
  (537, 536)	-1.0
  (537, 537)	2.0
  (537, 538)	-1.0
  (538, 537)	-1.0
  (538, 538)	2.0
  (538, 539)	-1.0
  (539, 538)	-1.0
  (539, 539)	2.0
  (539, 540)	-1.0
  (540, 539)	-1.0
  (540, 540)	2.0
  (540, 541)	-1.0
  (541, 540)	-1.0
  (541, 541)	2.0
  (541, 542)	-1.0
  (542, 541)	-1.0
  (542, 542)	2.0
  (542, 543)	-1.0
  (543, 542)	-1.0
  (543, 543)	2.0
  (543, 544)	-1.0
  (544, 543)	-1.0
  (544, 544)	2.0
  (544, 545)	-1.0
  (545, 544)	-1.0
  (545, 545)	2.0
  (545, 546)	-1.0
  (546, 545)	-1.0
  (546, 546)	2.0
  (546, 547)	-1.0
  (547, 546)	-1.0
  (547, 547)	2.0
  (547, 548)	-1.0
  (548, 547)	-1.0
  (548, 548)	2.0
  (548, 549)	-1.0
  (549, 548)	-1.0
  (549, 549)	2.0
  (549, 550)	-1.0
  (550, 549)	-1.0
  (550, 550)	2.0
  (550, 551)	-1.0
  (551, 550)	-1.0
  (551, 551)	2.0
  (551, 552)	-1.0
  (552, 551)	-1.0
  (552, 552)	2.0
  (552, 553)	-1.0
  (553, 552)	-1.0
  (553, 553)	2.0
  (553, 554)	-1.0
  (554, 553)	-1.0
  (554, 554)	2.0
  (554, 555)	-1.0
  (555, 554)	-1.0
  (555, 555)	2.0
  (555, 556)	-1.0
  (556, 555)	-1.0
  (556, 556)	2.0
  (556, 557)	-1.0
  (557, 556)	-1.0
  (557, 557)	2.0
  (557, 558)	-1.0
  (558, 557)	-1.0
  (558, 558)	2.0
  (558, 559)	-1.0
  (559, 558)	-1.0
  (559, 559)	2.0
  (559, 560)	-1.0
  (560, 559)	-1.0
  (560, 560)	2.0
  (560, 561)	-1.0
  (561, 560)	-1.0
  (561, 561)	2.0
  (561, 562)	-1.0
  (562, 561)	-1.0
  (562, 562)	2.0
  (562, 563)	-1.0
  (563, 562)	-1.0
  (563, 563)	2.0
  (563, 564)	-1.0
  (564, 563)	-1.0
  (564, 564)	2.0
  (564, 565)	-1.0
  (565, 564)	-1.0
  (565, 565)	2.0
  (565, 566)	-1.0
  (566, 565)	-1.0
  (566, 566)	2.0
  (566, 567)	-1.0
  (567, 566)	-1.0
  (567, 567)	2.0
  (567, 568)	-1.0
  (568, 567)	-1.0
  (568, 568)	2.0
  (568, 569)	-1.0
  (569, 568)	-1.0
  (569, 569)	2.0
  (569, 570)	-1.0
  (570, 569)	-1.0
  (570, 570)	2.0
  (570, 571)	-1.0
  (571, 570)	-1.0
  (571, 571)	2.0
  (571, 572)	-1.0
  (572, 571)	-1.0
  (572, 572)	2.0
  (572, 573)	-1.0
  (573, 572)	-1.0
  (573, 573)	2.0
  (573, 574)	-1.0
  (574, 573)	-1.0
  (574, 574)	2.0
  (574, 575)	-1.0
  (575, 574)	-1.0
  (575, 575)	2.0
  (575, 576)	-1.0
  (576, 575)	-1.0
  (576, 576)	2.0
  (576, 577)	-1.0
  (577, 576)	-1.0
  (577, 577)	2.0
  (577, 578)	-1.0
  (578, 577)	-1.0
  (578, 578)	2.0
  (578, 579)	-1.0
  (579, 578)	-1.0
  (579, 579)	2.0
  (579, 580)	-1.0
  (580, 579)	-1.0
  (580, 580)	2.0
  (580, 581)	-1.0
  (581, 580)	-1.0
  (581, 581)	2.0
  (581, 582)	-1.0
  (582, 581)	-1.0
  (582, 582)	2.0
  (582, 583)	-1.0
  (583, 582)	-1.0
  (583, 583)	2.0
  (583, 584)	-1.0
  (584, 583)	-1.0
  (584, 584)	2.0
  (584, 585)	-1.0
  (585, 584)	-1.0
  (585, 585)	2.0
  (585, 586)	-1.0
  (586, 585)	-1.0
  (586, 586)	2.0
  (586, 587)	-1.0
  (587, 586)	-1.0
  (587, 587)	2.0
  (587, 588)	-1.0
  (588, 587)	-1.0
  (588, 588)	2.0
  (588, 589)	-1.0
  (589, 588)	-1.0
  (589, 589)	2.0
  (589, 590)	-1.0
  (590, 589)	-1.0
  (590, 590)	2.0
  (590, 591)	-1.0
  (591, 590)	-1.0
  (591, 591)	2.0
  (591, 592)	-1.0
  (592, 591)	-1.0
  (592, 592)	2.0
  (592, 593)	-1.0
  (593, 592)	-1.0
  (593, 593)	2.0
  (593, 594)	-1.0
  (594, 593)	-1.0
  (594, 594)	2.0
  (594, 595)	-1.0
  (595, 594)	-1.0
  (595, 595)	2.0
  (595, 596)	-1.0
  (596, 595)	-1.0
  (596, 596)	2.0
  (596, 597)	-1.0
  (597, 596)	-1.0
  (597, 597)	2.0
  (597, 598)	-1.0
  (598, 597)	-1.0
  (598, 598)	2.0
  (598, 599)	-1.0
  (599, 598)	-1.0
  (599, 599)	2.0
  (599, 600)	-1.0
  (600, 599)	-1.0
  (600, 600)	2.0
  (600, 601)	-1.0
  (601, 600)	-1.0
  (601, 601)	2.0
  (601, 602)	-1.0
  (602, 601)	-1.0
  (602, 602)	2.0
  (602, 603)	-1.0
  (603, 602)	-1.0
  (603, 603)	2.0
  (603, 604)	-1.0
  (604, 603)	-1.0
  (604, 604)	2.0
  (604, 605)	-1.0
  (605, 604)	-1.0
  (605, 605)	2.0
  (605, 606)	-1.0
  (606, 605)	-1.0
  (606, 606)	2.0
  (606, 607)	-1.0
  (607, 606)	-1.0
  (607, 607)	2.0
  (607, 608)	-1.0
  (608, 607)	-1.0
  (608, 608)	2.0
  (608, 609)	-1.0
  (609, 608)	-1.0
  (609, 609)	2.0
  (609, 610)	-1.0
  (610, 609)	-1.0
  (610, 610)	2.0
  (610, 611)	-1.0
  (611, 610)	-1.0
  (611, 611)	2.0
  (611, 612)	-1.0
  (612, 611)	-1.0
  (612, 612)	2.0
  (612, 613)	-1.0
  (613, 612)	-1.0
  (613, 613)	2.0
  (613, 614)	-1.0
  (614, 613)	-1.0
  (614, 614)	2.0
  (614, 615)	-1.0
  (615, 614)	-1.0
  (615, 615)	2.0
  (615, 616)	-1.0
  (616, 615)	-1.0
  (616, 616)	2.0
  (616, 617)	-1.0
  (617, 616)	-1.0
  (617, 617)	2.0
  (617, 618)	-1.0
  (618, 617)	-1.0
  (618, 618)	2.0
  (618, 619)	-1.0
  (619, 618)	-1.0
  (619, 619)	2.0
  (619, 620)	-1.0
  (620, 619)	-1.0
  (620, 620)	2.0
  (620, 621)	-1.0
  (621, 620)	-1.0
  (621, 621)	2.0
  (621, 622)	-1.0
  (622, 621)	-1.0
  (622, 622)	2.0
  (622, 623)	-1.0
  (623, 622)	-1.0
  (623, 623)	2.0
  (623, 624)	-1.0
  (624, 623)	-1.0
  (624, 624)	2.0
  (624, 625)	-1.0
  (625, 624)	-1.0
  (625, 625)	2.0
  (625, 626)	-1.0
  (626, 625)	-1.0
  (626, 626)	2.0
  (626, 627)	-1.0
  (627, 626)	-1.0
  (627, 627)	2.0
  (627, 628)	-1.0
  (628, 627)	-1.0
  (628, 628)	2.0
  (628, 629)	-1.0
  (629, 628)	-1.0
  (629, 629)	2.0
  (629, 630)	-1.0
  (630, 629)	-1.0
  (630, 630)	2.0
  (630, 631)	-1.0
  (631, 630)	-1.0
  (631, 631)	2.0
  (631, 632)	-1.0
  (632, 631)	-1.0
  (632, 632)	2.0
  (632, 633)	-1.0
  (633, 632)	-1.0
  (633, 633)	2.0
  (633, 634)	-1.0
  (634, 633)	-1.0
  (634, 634)	2.0
  (634, 635)	-1.0
  (635, 634)	-1.0
  (635, 635)	2.0
  (635, 636)	-1.0
  (636, 635)	-1.0
  (636, 636)	2.0
  (636, 637)	-1.0
  (637, 636)	-1.0
  (637, 637)	2.0
  (637, 638)	-1.0
  (638, 637)	-1.0
  (638, 638)	2.0
  (638, 639)	-1.0
  (639, 638)	-1.0
  (639, 639)	2.0
  (639, 640)	-1.0
  (640, 639)	-1.0
  (640, 640)	2.0
  (640, 641)	-1.0
  (641, 640)	-1.0
  (641, 641)	2.0
  (641, 642)	-1.0
  (642, 641)	-1.0
  (642, 642)	2.0
  (642, 643)	-1.0
  (643, 642)	-1.0
  (643, 643)	2.0
  (643, 644)	-1.0
  (644, 643)	-1.0
  (644, 644)	2.0
  (644, 645)	-1.0
  (645, 644)	-1.0
  (645, 645)	2.0
  (645, 646)	-1.0
  (646, 645)	-1.0
  (646, 646)	2.0
  (646, 647)	-1.0
  (647, 646)	-1.0
  (647, 647)	2.0
  (647, 648)	-1.0
  (648, 647)	-1.0
  (648, 648)	2.0
  (648, 649)	-1.0
  (649, 648)	-1.0
  (649, 649)	2.0
  (649, 650)	-1.0
  (650, 649)	-1.0
  (650, 650)	2.0
  (650, 651)	-1.0
  (651, 650)	-1.0
  (651, 651)	2.0
  (651, 652)	-1.0
  (652, 651)	-1.0
  (652, 652)	2.0
  (652, 653)	-1.0
  (653, 652)	-1.0
  (653, 653)	2.0
  (653, 654)	-1.0
  (654, 653)	-1.0
  (654, 654)	2.0
  (654, 655)	-1.0
  (655, 654)	-1.0
  (655, 655)	2.0
  (655, 656)	-1.0
  (656, 655)	-1.0
  (656, 656)	2.0
  (656, 657)	-1.0
  (657, 656)	-1.0
  (657, 657)	2.0
  (657, 658)	-1.0
  (658, 657)	-1.0
  (658, 658)	2.0
  (658, 659)	-1.0
  (659, 658)	-1.0
  (659, 659)	2.0
  (659, 660)	-1.0
  (660, 659)	-1.0
  (660, 660)	2.0
  (660, 661)	-1.0
  (661, 660)	-1.0
  (661, 661)	2.0
  (661, 662)	-1.0
  (662, 661)	-1.0
  (662, 662)	2.0
  (662, 663)	-1.0
  (663, 662)	-1.0
  (663, 663)	2.0
  (663, 664)	-1.0
  (664, 663)	-1.0
  (664, 664)	2.0
  (664, 665)	-1.0
  (665, 664)	-1.0
  (665, 665)	2.0
  (665, 666)	-1.0
  (666, 665)	-1.0
  (666, 666)	2.0
  (666, 667)	-1.0
  (667, 666)	-1.0
  (667, 667)	2.0
  (667, 668)	-1.0
  (668, 667)	-1.0
  (668, 668)	2.0
  (668, 669)	-1.0
  (669, 668)	-1.0
  (669, 669)	2.0
  (669, 670)	-1.0
  (670, 669)	-1.0
  (670, 670)	2.0
  (670, 671)	-1.0
  (671, 670)	-1.0
  (671, 671)	2.0
  (671, 672)	-1.0
  (672, 671)	-1.0
  (672, 672)	2.0
  (672, 673)	-1.0
  (673, 672)	-1.0
  (673, 673)	2.0
  (673, 674)	-1.0
  (674, 673)	-1.0
  (674, 674)	2.0
  (674, 675)	-1.0
  (675, 674)	-1.0
  (675, 675)	2.0
  (675, 676)	-1.0
  (676, 675)	-1.0
  (676, 676)	2.0
  (676, 677)	-1.0
  (677, 676)	-1.0
  (677, 677)	2.0
  (677, 678)	-1.0
  (678, 677)	-1.0
  (678, 678)	2.0
  (678, 679)	-1.0
  (679, 678)	-1.0
  (679, 679)	2.0
  (679, 680)	-1.0
  (680, 679)	-1.0
  (680, 680)	2.0
  (680, 681)	-1.0
  (681, 680)	-1.0
  (681, 681)	2.0
  (681, 682)	-1.0
  (682, 681)	-1.0
  (682, 682)	2.0
  (682, 683)	-1.0
  (683, 682)	-1.0
  (683, 683)	2.0
  (683, 684)	-1.0
  (684, 683)	-1.0
  (684, 684)	2.0
  (684, 685)	-1.0
  (685, 684)	-1.0
  (685, 685)	2.0
  (685, 686)	-1.0
  (686, 685)	-1.0
  (686, 686)	2.0
  (686, 687)	-1.0
  (687, 686)	-1.0
  (687, 687)	2.0
  (687, 688)	-1.0
  (688, 687)	-1.0
  (688, 688)	2.0
  (688, 689)	-1.0
  (689, 688)	-1.0
  (689, 689)	2.0
  (689, 690)	-1.0
  (690, 689)	-1.0
  (690, 690)	2.0
  (690, 691)	-1.0
  (691, 690)	-1.0
  (691, 691)	2.0
  (691, 692)	-1.0
  (692, 691)	-1.0
  (692, 692)	2.0
  (692, 693)	-1.0
  (693, 692)	-1.0
  (693, 693)	2.0
  (693, 694)	-1.0
  (694, 693)	-1.0
  (694, 694)	2.0
  (694, 695)	-1.0
  (695, 694)	-1.0
  (695, 695)	2.0
  (695, 696)	-1.0
  (696, 695)	-1.0
  (696, 696)	2.0
  (696, 697)	-1.0
  (697, 696)	-1.0
  (697, 697)	2.0
  (697, 698)	-1.0
  (698, 697)	-1.0
  (698, 698)	2.0
  (698, 699)	-1.0
  (699, 698)	-1.0
  (699, 699)	2.0
  (699, 700)	-1.0
  (700, 699)	-1.0
  (700, 700)	2.0
  (700, 701)	-1.0
  (701, 700)	-1.0
  (701, 701)	2.0
  (701, 702)	-1.0
  (702, 701)	-1.0
  (702, 702)	2.0
  (702, 703)	-1.0
  (703, 702)	-1.0
  (703, 703)	2.0
  (703, 704)	-1.0
  (704, 703)	-1.0
  (704, 704)	2.0
  (704, 705)	-1.0
  (705, 704)	-1.0
  (705, 705)	2.0
  (705, 706)	-1.0
  (706, 705)	-1.0
  (706, 706)	2.0
  (706, 707)	-1.0
  (707, 706)	-1.0
  (707, 707)	2.0
  (707, 708)	-1.0
  (708, 707)	-1.0
  (708, 708)	2.0
  (708, 709)	-1.0
  (709, 708)	-1.0
  (709, 709)	2.0
  (709, 710)	-1.0
  (710, 709)	-1.0
  (710, 710)	2.0
  (710, 711)	-1.0
  (711, 710)	-1.0
  (711, 711)	2.0
  (711, 712)	-1.0
  (712, 711)	-1.0
  (712, 712)	2.0
  (712, 713)	-1.0
  (713, 712)	-1.0
  (713, 713)	2.0
  (713, 714)	-1.0
  (714, 713)	-1.0
  (714, 714)	2.0
  (714, 715)	-1.0
  (715, 714)	-1.0
  (715, 715)	2.0
  (715, 716)	-1.0
  (716, 715)	-1.0
  (716, 716)	2.0
  (716, 717)	-1.0
  (717, 716)	-1.0
  (717, 717)	2.0
  (717, 718)	-1.0
  (718, 717)	-1.0
  (718, 718)	2.0
  (718, 719)	-1.0
  (719, 718)	-1.0
  (719, 719)	2.0
  (719, 720)	-1.0
  (720, 719)	-1.0
  (720, 720)	2.0
  (720, 721)	-1.0
  (721, 720)	-1.0
  (721, 721)	2.0
  (721, 722)	-1.0
  (722, 721)	-1.0
  (722, 722)	2.0
  (722, 723)	-1.0
  (723, 722)	-1.0
  (723, 723)	2.0
  (723, 724)	-1.0
  (724, 723)	-1.0
  (724, 724)	2.0
  (724, 725)	-1.0
  (725, 724)	-1.0
  (725, 725)	2.0
  (725, 726)	-1.0
  (726, 725)	-1.0
  (726, 726)	2.0
  (726, 727)	-1.0
  (727, 726)	-1.0
  (727, 727)	2.0
  (727, 728)	-1.0
  (728, 727)	-1.0
  (728, 728)	2.0
  (728, 729)	-1.0
  (729, 728)	-1.0
  (729, 729)	2.0
  (729, 730)	-1.0
  (730, 729)	-1.0
  (730, 730)	2.0
  (730, 731)	-1.0
  (731, 730)	-1.0
  (731, 731)	2.0
  (731, 732)	-1.0
  (732, 731)	-1.0
  (732, 732)	2.0
  (732, 733)	-1.0
  (733, 732)	-1.0
  (733, 733)	2.0
  (733, 734)	-1.0
  (734, 733)	-1.0
  (734, 734)	2.0
  (734, 735)	-1.0
  (735, 734)	-1.0
  (735, 735)	2.0
  (735, 736)	-1.0
  (736, 735)	-1.0
  (736, 736)	2.0
  (736, 737)	-1.0
  (737, 736)	-1.0
  (737, 737)	2.0
  (737, 738)	-1.0
  (738, 737)	-1.0
  (738, 738)	2.0
  (738, 739)	-1.0
  (739, 738)	-1.0
  (739, 739)	2.0
  (739, 740)	-1.0
  (740, 739)	-1.0
  (740, 740)	2.0
  (740, 741)	-1.0
  (741, 740)	-1.0
  (741, 741)	2.0
  (741, 742)	-1.0
  (742, 741)	-1.0
  (742, 742)	2.0
  (742, 743)	-1.0
  (743, 742)	-1.0
  (743, 743)	2.0
  (743, 744)	-1.0
  (744, 743)	-1.0
  (744, 744)	2.0
  (744, 745)	-1.0
  (745, 744)	-1.0
  (745, 745)	2.0
  (745, 746)	-1.0
  (746, 745)	-1.0
  (746, 746)	2.0
  (746, 747)	-1.0
  (747, 746)	-1.0
  (747, 747)	2.0
  (747, 748)	-1.0
  (748, 747)	-1.0
  (748, 748)	2.0
  (748, 749)	-1.0
  (749, 748)	-1.0
  (749, 749)	2.0
  (749, 750)	-1.0
  (750, 749)	-1.0
  (750, 750)	2.0
  (750, 751)	-1.0
  (751, 750)	-1.0
  (751, 751)	2.0
  (751, 752)	-1.0
  (752, 751)	-1.0
  (752, 752)	2.0
  (752, 753)	-1.0
  (753, 752)	-1.0
  (753, 753)	2.0
  (753, 754)	-1.0
  (754, 753)	-1.0
  (754, 754)	2.0
  (754, 755)	-1.0
  (755, 754)	-1.0
  (755, 755)	2.0
  (755, 756)	-1.0
  (756, 755)	-1.0
  (756, 756)	2.0
  (756, 757)	-1.0
  (757, 756)	-1.0
  (757, 757)	2.0
  (757, 758)	-1.0
  (758, 757)	-1.0
  (758, 758)	2.0
  (758, 759)	-1.0
  (759, 758)	-1.0
  (759, 759)	2.0
  (759, 760)	-1.0
  (760, 759)	-1.0
  (760, 760)	2.0
  (760, 761)	-1.0
  (761, 760)	-1.0
  (761, 761)	2.0
  (761, 762)	-1.0
  (762, 761)	-1.0
  (762, 762)	2.0
  (762, 763)	-1.0
  (763, 762)	-1.0
  (763, 763)	2.0
  (763, 764)	-1.0
  (764, 763)	-1.0
  (764, 764)	2.0
  (764, 765)	-1.0
  (765, 764)	-1.0
  (765, 765)	2.0
  (765, 766)	-1.0
  (766, 765)	-1.0
  (766, 766)	2.0
  (766, 767)	-1.0
  (767, 766)	-1.0
  (767, 767)	2.0
  (767, 768)	-1.0
  (768, 767)	-1.0
  (768, 768)	2.0
  (768, 769)	-1.0
  (769, 768)	-1.0
  (769, 769)	2.0
  (769, 770)	-1.0
  (770, 769)	-1.0
  (770, 770)	2.0
  (770, 771)	-1.0
  (771, 770)	-1.0
  (771, 771)	2.0
  (771, 772)	-1.0
  (772, 771)	-1.0
  (772, 772)	2.0
  (772, 773)	-1.0
  (773, 772)	-1.0
  (773, 773)	2.0
  (773, 774)	-1.0
  (774, 773)	-1.0
  (774, 774)	2.0
  (774, 775)	-1.0
  (775, 774)	-1.0
  (775, 775)	2.0
  (775, 776)	-1.0
  (776, 775)	-1.0
  (776, 776)	2.0
  (776, 777)	-1.0
  (777, 776)	-1.0
  (777, 777)	2.0
  (777, 778)	-1.0
  (778, 777)	-1.0
  (778, 778)	2.0
  (778, 779)	-1.0
  (779, 778)	-1.0
  (779, 779)	2.0
  (779, 780)	-1.0
  (780, 779)	-1.0
  (780, 780)	2.0
  (780, 781)	-1.0
  (781, 780)	-1.0
  (781, 781)	2.0
  (781, 782)	-1.0
  (782, 781)	-1.0
  (782, 782)	2.0
  (782, 783)	-1.0
  (783, 782)	-1.0
  (783, 783)	2.0
  (783, 784)	-1.0
  (784, 783)	-1.0
  (784, 784)	2.0
  (784, 785)	-1.0
  (785, 784)	-1.0
  (785, 785)	2.0
  (785, 786)	-1.0
  (786, 785)	-1.0
  (786, 786)	2.0
  (786, 787)	-1.0
  (787, 786)	-1.0
  (787, 787)	2.0
  (787, 788)	-1.0
  (788, 787)	-1.0
  (788, 788)	2.0
  (788, 789)	-1.0
  (789, 788)	-1.0
  (789, 789)	2.0
  (789, 790)	-1.0
  (790, 789)	-1.0
  (790, 790)	2.0
  (790, 791)	-1.0
  (791, 790)	-1.0
  (791, 791)	2.0
  (791, 792)	-1.0
  (792, 791)	-1.0
  (792, 792)	2.0
  (792, 793)	-1.0
  (793, 792)	-1.0
  (793, 793)	2.0
  (793, 794)	-1.0
  (794, 793)	-1.0
  (794, 794)	2.0
  (794, 795)	-1.0
  (795, 794)	-1.0
  (795, 795)	2.0
  (795, 796)	-1.0
  (796, 795)	-1.0
  (796, 796)	2.0
  (796, 797)	-1.0
  (797, 796)	-1.0
  (797, 797)	2.0
  (797, 798)	-1.0
  (798, 797)	-1.0
  (798, 798)	2.0
  (798, 799)	-1.0
  (799, 798)	-1.0
  (799, 799)	2.0
  (799, 800)	-1.0
  (800, 799)	-1.0
  (800, 800)	2.0
  (800, 801)	-1.0
  (801, 800)	-1.0
  (801, 801)	2.0
  (801, 802)	-1.0
  (802, 801)	-1.0
  (802, 802)	2.0
  (802, 803)	-1.0
  (803, 802)	-1.0
  (803, 803)	2.0
  (803, 804)	-1.0
  (804, 803)	-1.0
  (804, 804)	2.0
  (804, 805)	-1.0
  (805, 804)	-1.0
  (805, 805)	2.0
  (805, 806)	-1.0
  (806, 805)	-1.0
  (806, 806)	2.0
  (806, 807)	-1.0
  (807, 806)	-1.0
  (807, 807)	2.0
  (807, 808)	-1.0
  (808, 807)	-1.0
  (808, 808)	2.0
  (808, 809)	-1.0
  (809, 808)	-1.0
  (809, 809)	2.0
  (809, 810)	-1.0
  (810, 809)	-1.0
  (810, 810)	2.0
  (810, 811)	-1.0
  (811, 810)	-1.0
  (811, 811)	2.0
  (811, 812)	-1.0
  (812, 811)	-1.0
  (812, 812)	2.0
  (812, 813)	-1.0
  (813, 812)	-1.0
  (813, 813)	2.0
  (813, 814)	-1.0
  (814, 813)	-1.0
  (814, 814)	2.0
  (814, 815)	-1.0
  (815, 814)	-1.0
  (815, 815)	2.0
  (815, 816)	-1.0
  (816, 815)	-1.0
  (816, 816)	2.0
  (816, 817)	-1.0
  (817, 816)	-1.0
  (817, 817)	2.0
  (817, 818)	-1.0
  (818, 817)	-1.0
  (818, 818)	2.0
  (818, 819)	-1.0
  (819, 818)	-1.0
  (819, 819)	2.0
  (819, 820)	-1.0
  (820, 819)	-1.0
  (820, 820)	2.0
  (820, 821)	-1.0
  (821, 820)	-1.0
  (821, 821)	2.0
  (821, 822)	-1.0
  (822, 821)	-1.0
  (822, 822)	2.0
  (822, 823)	-1.0
  (823, 822)	-1.0
  (823, 823)	2.0
  (823, 824)	-1.0
  (824, 823)	-1.0
  (824, 824)	2.0
  (824, 825)	-1.0
  (825, 824)	-1.0
  (825, 825)	2.0
  (825, 826)	-1.0
  (826, 825)	-1.0
  (826, 826)	2.0
  (826, 827)	-1.0
  (827, 826)	-1.0
  (827, 827)	2.0
  (827, 828)	-1.0
  (828, 827)	-1.0
  (828, 828)	2.0
  (828, 829)	-1.0
  (829, 828)	-1.0
  (829, 829)	2.0
  (829, 830)	-1.0
  (830, 829)	-1.0
  (830, 830)	2.0
  (830, 831)	-1.0
  (831, 830)	-1.0
  (831, 831)	2.0
  (831, 832)	-1.0
  (832, 831)	-1.0
  (832, 832)	2.0
  (832, 833)	-1.0
  (833, 832)	-1.0
  (833, 833)	2.0
  (833, 834)	-1.0
  (834, 833)	-1.0
  (834, 834)	2.0
  (834, 835)	-1.0
  (835, 834)	-1.0
  (835, 835)	2.0
  (835, 836)	-1.0
  (836, 835)	-1.0
  (836, 836)	2.0
  (836, 837)	-1.0
  (837, 836)	-1.0
  (837, 837)	2.0
  (837, 838)	-1.0
  (838, 837)	-1.0
  (838, 838)	2.0
  (838, 839)	-1.0
  (839, 838)	-1.0
  (839, 839)	2.0
  (839, 840)	-1.0
  (840, 839)	-1.0
  (840, 840)	2.0
  (840, 841)	-1.0
  (841, 840)	-1.0
  (841, 841)	2.0
  (841, 842)	-1.0
  (842, 841)	-1.0
  (842, 842)	2.0
  (842, 843)	-1.0
  (843, 842)	-1.0
  (843, 843)	2.0
  (843, 844)	-1.0
  (844, 843)	-1.0
  (844, 844)	2.0
  (844, 845)	-1.0
  (845, 844)	-1.0
  (845, 845)	2.0
  (845, 846)	-1.0
  (846, 845)	-1.0
  (846, 846)	2.0
  (846, 847)	-1.0
  (847, 846)	-1.0
  (847, 847)	2.0
  (847, 848)	-1.0
  (848, 847)	-1.0
  (848, 848)	2.0
  (848, 849)	-1.0
  (849, 848)	-1.0
  (849, 849)	2.0
  (849, 850)	-1.0
  (850, 849)	-1.0
  (850, 850)	2.0
  (850, 851)	-1.0
  (851, 850)	-1.0
  (851, 851)	2.0
  (851, 852)	-1.0
  (852, 851)	-1.0
  (852, 852)	2.0
  (852, 853)	-1.0
  (853, 852)	-1.0
  (853, 853)	2.0
  (853, 854)	-1.0
  (854, 853)	-1.0
  (854, 854)	2.0
  (854, 855)	-1.0
  (855, 854)	-1.0
  (855, 855)	2.0
  (855, 856)	-1.0
  (856, 855)	-1.0
  (856, 856)	2.0
  (856, 857)	-1.0
  (857, 856)	-1.0
  (857, 857)	2.0
  (857, 858)	-1.0
  (858, 857)	-1.0
  (858, 858)	2.0
  (858, 859)	-1.0
  (859, 858)	-1.0
  (859, 859)	2.0
  (859, 860)	-1.0
  (860, 859)	-1.0
  (860, 860)	2.0
  (860, 861)	-1.0
  (861, 860)	-1.0
  (861, 861)	2.0
  (861, 862)	-1.0
  (862, 861)	-1.0
  (862, 862)	2.0
  (862, 863)	-1.0
  (863, 862)	-1.0
  (863, 863)	2.0
  (863, 864)	-1.0
  (864, 863)	-1.0
  (864, 864)	2.0
  (864, 865)	-1.0
  (865, 864)	-1.0
  (865, 865)	2.0
  (865, 866)	-1.0
  (866, 865)	-1.0
  (866, 866)	2.0
  (866, 867)	-1.0
  (867, 866)	-1.0
  (867, 867)	2.0
  (867, 868)	-1.0
  (868, 867)	-1.0
  (868, 868)	2.0
  (868, 869)	-1.0
  (869, 868)	-1.0
  (869, 869)	2.0
  (869, 870)	-1.0
  (870, 869)	-1.0
  (870, 870)	2.0
  (870, 871)	-1.0
  (871, 870)	-1.0
  (871, 871)	2.0
  (871, 872)	-1.0
  (872, 871)	-1.0
  (872, 872)	2.0
  (872, 873)	-1.0
  (873, 872)	-1.0
  (873, 873)	2.0
  (873, 874)	-1.0
  (874, 873)	-1.0
  (874, 874)	2.0
  (874, 875)	-1.0
  (875, 874)	-1.0
  (875, 875)	2.0
  (875, 876)	-1.0
  (876, 875)	-1.0
  (876, 876)	2.0
  (876, 877)	-1.0
  (877, 876)	-1.0
  (877, 877)	2.0
  (877, 878)	-1.0
  (878, 877)	-1.0
  (878, 878)	2.0
  (878, 879)	-1.0
  (879, 878)	-1.0
  (879, 879)	2.0
  (879, 880)	-1.0
  (880, 879)	-1.0
  (880, 880)	2.0
  (880, 881)	-1.0
  (881, 880)	-1.0
  (881, 881)	2.0
  (881, 882)	-1.0
  (882, 881)	-1.0
  (882, 882)	2.0
  (882, 883)	-1.0
  (883, 882)	-1.0
  (883, 883)	2.0
  (883, 884)	-1.0
  (884, 883)	-1.0
  (884, 884)	2.0
  (884, 885)	-1.0
  (885, 884)	-1.0
  (885, 885)	2.0
  (885, 886)	-1.0
  (886, 885)	-1.0
  (886, 886)	2.0
  (886, 887)	-1.0
  (887, 886)	-1.0
  (887, 887)	2.0
  (887, 888)	-1.0
  (888, 887)	-1.0
  (888, 888)	2.0
  (888, 889)	-1.0
  (889, 888)	-1.0
  (889, 889)	2.0
  (889, 890)	-1.0
  (890, 889)	-1.0
  (890, 890)	2.0
  (890, 891)	-1.0
  (891, 890)	-1.0
  (891, 891)	2.0
  (891, 892)	-1.0
  (892, 891)	-1.0
  (892, 892)	2.0
  (892, 893)	-1.0
  (893, 892)	-1.0
  (893, 893)	2.0
  (893, 894)	-1.0
  (894, 893)	-1.0
  (894, 894)	2.0
  (894, 895)	-1.0
  (895, 894)	-1.0
  (895, 895)	2.0
  (895, 896)	-1.0
  (896, 895)	-1.0
  (896, 896)	2.0
  (896, 897)	-1.0
  (897, 896)	-1.0
  (897, 897)	2.0
  (897, 898)	-1.0
  (898, 897)	-1.0
  (898, 898)	2.0
  (898, 899)	-1.0
  (899, 898)	-1.0
  (899, 899)	2.0
  (899, 900)	-1.0
  (900, 899)	-1.0
  (900, 900)	2.0
  (900, 901)	-1.0
  (901, 900)	-1.0
  (901, 901)	2.0
  (901, 902)	-1.0
  (902, 901)	-1.0
  (902, 902)	2.0
  (902, 903)	-1.0
  (903, 902)	-1.0
  (903, 903)	2.0
  (903, 904)	-1.0
  (904, 903)	-1.0
  (904, 904)	2.0
  (904, 905)	-1.0
  (905, 904)	-1.0
  (905, 905)	2.0
  (905, 906)	-1.0
  (906, 905)	-1.0
  (906, 906)	2.0
  (906, 907)	-1.0
  (907, 906)	-1.0
  (907, 907)	2.0
  (907, 908)	-1.0
  (908, 907)	-1.0
  (908, 908)	2.0
  (908, 909)	-1.0
  (909, 908)	-1.0
  (909, 909)	2.0
  (909, 910)	-1.0
  (910, 909)	-1.0
  (910, 910)	2.0
  (910, 911)	-1.0
  (911, 910)	-1.0
  (911, 911)	2.0
  (911, 912)	-1.0
  (912, 911)	-1.0
  (912, 912)	2.0
  (912, 913)	-1.0
  (913, 912)	-1.0
  (913, 913)	2.0
  (913, 914)	-1.0
  (914, 913)	-1.0
  (914, 914)	2.0
  (914, 915)	-1.0
  (915, 914)	-1.0
  (915, 915)	2.0
  (915, 916)	-1.0
  (916, 915)	-1.0
  (916, 916)	2.0
  (916, 917)	-1.0
  (917, 916)	-1.0
  (917, 917)	2.0
  (917, 918)	-1.0
  (918, 917)	-1.0
  (918, 918)	2.0
  (918, 919)	-1.0
  (919, 918)	-1.0
  (919, 919)	2.0
  (919, 920)	-1.0
  (920, 919)	-1.0
  (920, 920)	2.0
  (920, 921)	-1.0
  (921, 920)	-1.0
  (921, 921)	2.0
  (921, 922)	-1.0
  (922, 921)	-1.0
  (922, 922)	2.0
  (922, 923)	-1.0
  (923, 922)	-1.0
  (923, 923)	2.0
  (923, 924)	-1.0
  (924, 923)	-1.0
  (924, 924)	2.0
  (924, 925)	-1.0
  (925, 924)	-1.0
  (925, 925)	2.0
  (925, 926)	-1.0
  (926, 925)	-1.0
  (926, 926)	2.0
  (926, 927)	-1.0
  (927, 926)	-1.0
  (927, 927)	2.0
  (927, 928)	-1.0
  (928, 927)	-1.0
  (928, 928)	2.0
  (928, 929)	-1.0
  (929, 928)	-1.0
  (929, 929)	2.0
  (929, 930)	-1.0
  (930, 929)	-1.0
  (930, 930)	2.0
  (930, 931)	-1.0
  (931, 930)	-1.0
  (931, 931)	2.0
  (931, 932)	-1.0
  (932, 931)	-1.0
  (932, 932)	2.0
  (932, 933)	-1.0
  (933, 932)	-1.0
  (933, 933)	2.0
  (933, 934)	-1.0
  (934, 933)	-1.0
  (934, 934)	2.0
  (934, 935)	-1.0
  (935, 934)	-1.0
  (935, 935)	2.0
  (935, 936)	-1.0
  (936, 935)	-1.0
  (936, 936)	2.0
  (936, 937)	-1.0
  (937, 936)	-1.0
  (937, 937)	2.0
  (937, 938)	-1.0
  (938, 937)	-1.0
  (938, 938)	2.0
  (938, 939)	-1.0
  (939, 938)	-1.0
  (939, 939)	2.0
  (939, 940)	-1.0
  (940, 939)	-1.0
  (940, 940)	2.0
  (940, 941)	-1.0
  (941, 940)	-1.0
  (941, 941)	2.0
  (941, 942)	-1.0
  (942, 941)	-1.0
  (942, 942)	2.0
  (942, 943)	-1.0
  (943, 942)	-1.0
  (943, 943)	2.0
  (943, 944)	-1.0
  (944, 943)	-1.0
  (944, 944)	2.0
  (944, 945)	-1.0
  (945, 944)	-1.0
  (945, 945)	2.0
  (945, 946)	-1.0
  (946, 945)	-1.0
  (946, 946)	2.0
  (946, 947)	-1.0
  (947, 946)	-1.0
  (947, 947)	2.0
  (947, 948)	-1.0
  (948, 947)	-1.0
  (948, 948)	2.0
  (948, 949)	-1.0
  (949, 948)	-1.0
  (949, 949)	2.0
  (949, 950)	-1.0
  (950, 949)	-1.0
  (950, 950)	2.0
  (950, 951)	-1.0
  (951, 950)	-1.0
  (951, 951)	2.0
  (951, 952)	-1.0
  (952, 951)	-1.0
  (952, 952)	2.0
  (952, 953)	-1.0
  (953, 952)	-1.0
  (953, 953)	2.0
  (953, 954)	-1.0
  (954, 953)	-1.0
  (954, 954)	2.0
  (954, 955)	-1.0
  (955, 954)	-1.0
  (955, 955)	2.0
  (955, 956)	-1.0
  (956, 955)	-1.0
  (956, 956)	2.0
  (956, 957)	-1.0
  (957, 956)	-1.0
  (957, 957)	2.0
  (957, 958)	-1.0
  (958, 957)	-1.0
  (958, 958)	2.0
  (958, 959)	-1.0
  (959, 958)	-1.0
  (959, 959)	2.0
  (959, 960)	-1.0
  (960, 959)	-1.0
  (960, 960)	2.0
  (960, 961)	-1.0
  (961, 960)	-1.0
  (961, 961)	2.0
  (961, 962)	-1.0
  (962, 961)	-1.0
  (962, 962)	2.0
  (962, 963)	-1.0
  (963, 962)	-1.0
  (963, 963)	2.0
  (963, 964)	-1.0
  (964, 963)	-1.0
  (964, 964)	2.0
  (964, 965)	-1.0
  (965, 964)	-1.0
  (965, 965)	2.0
  (965, 966)	-1.0
  (966, 965)	-1.0
  (966, 966)	2.0
  (966, 967)	-1.0
  (967, 966)	-1.0
  (967, 967)	2.0
  (967, 968)	-1.0
  (968, 967)	-1.0
  (968, 968)	2.0
  (968, 969)	-1.0
  (969, 968)	-1.0
  (969, 969)	2.0
  (969, 970)	-1.0
  (970, 969)	-1.0
  (970, 970)	2.0
  (970, 971)	-1.0
  (971, 970)	-1.0
  (971, 971)	2.0
  (971, 972)	-1.0
  (972, 971)	-1.0
  (972, 972)	2.0
  (972, 973)	-1.0
  (973, 972)	-1.0
  (973, 973)	2.0
  (973, 974)	-1.0
  (974, 973)	-1.0
  (974, 974)	2.0
  (974, 975)	-1.0
  (975, 974)	-1.0
  (975, 975)	2.0
  (975, 976)	-1.0
  (976, 975)	-1.0
  (976, 976)	2.0
  (976, 977)	-1.0
  (977, 976)	-1.0
  (977, 977)	2.0
  (977, 978)	-1.0
  (978, 977)	-1.0
  (978, 978)	2.0
  (978, 979)	-1.0
  (979, 978)	-1.0
  (979, 979)	2.0
  (979, 980)	-1.0
  (980, 979)	-1.0
  (980, 980)	2.0
  (980, 981)	-1.0
  (981, 980)	-1.0
  (981, 981)	2.0
  (981, 982)	-1.0
  (982, 981)	-1.0
  (982, 982)	2.0
  (982, 983)	-1.0
  (983, 982)	-1.0
  (983, 983)	2.0
  (983, 984)	-1.0
  (984, 983)	-1.0
  (984, 984)	2.0
  (984, 985)	-1.0
  (985, 984)	-1.0
  (985, 985)	2.0
  (985, 986)	-1.0
  (986, 985)	-1.0
  (986, 986)	2.0
  (986, 987)	-1.0
  (987, 986)	-1.0
  (987, 987)	2.0
  (987, 988)	-1.0
  (988, 987)	-1.0
  (988, 988)	2.0
  (988, 989)	-1.0
  (989, 988)	-1.0
  (989, 989)	2.0
  (989, 990)	-1.0
  (990, 989)	-1.0
  (990, 990)	2.0
  (990, 991)	-1.0
  (991, 990)	-1.0
  (991, 991)	2.0
  (991, 992)	-1.0
  (992, 991)	-1.0
  (992, 992)	2.0
  (992, 993)	-1.0
  (993, 992)	-1.0
  (993, 993)	2.0
  (993, 994)	-1.0
  (994, 993)	-1.0
  (994, 994)	2.0
  (994, 995)	-1.0
  (995, 994)	-1.0
  (995, 995)	2.0
  (995, 996)	-1.0
  (996, 995)	-1.0
  (996, 996)	2.0
  (996, 997)	-1.0
  (997, 996)	-1.0
  (997, 997)	2.0
  (997, 998)	-1.0
  (998, 997)	-1.0
  (998, 998)	2.0
  (998, 999)	-1.0
  (999, 998)	-1.0
  (999, 999)	1.0
Total time to assemble: 0.22615933418273926
Calculations ended
Total CPU time 1233 [ms]
